Number of atoms: 4, Charge: 0
Atomic Number: 1, X: 0, Y: 0, Z: 0
Atomic Number: 6, X: 2.0787, Y: 0, Z: 0
Atomic Number: 6, X: 4.3653, Y: 0, Z: 0
Atomic Number: 1, X: 6.444, Y: 0, Z: 0
Number of basis functions: 10
Number of electrons: 10
Number of basis functions: 10
Number of electrons: 10
Overlap matrix size: 10 x 10
Overlap matrix:
   1.0000e+00   6.0838e-02  -8.0001e-03            0            0   3.6209e-03  -5.5665e-04            0            0   7.3985e-03
   6.0838e-02   1.0000e+00            0            0            0   1.9565e-05  -2.2368e-05            0            0   3.6209e-03
  -8.0001e-03            0   3.1065e-02            0            0   2.2368e-05  -2.4120e-05            0            0   5.5665e-04
            0            0            0   3.1065e-02            0            0            0   1.3783e-06            0            0
            0            0            0            0   3.1065e-02            0            0            0   1.3783e-06            0
   3.6209e-03   1.9565e-05   2.2368e-05            0            0   1.0000e+00            0            0            0   6.0838e-02
  -5.5665e-04  -2.2368e-05  -2.4120e-05            0            0            0   3.1065e-02            0            0   8.0001e-03
            0            0            0   1.3783e-06            0            0            0   3.1065e-02            0            0
            0            0            0            0   1.3783e-06            0            0            0   3.1065e-02            0
   7.3985e-03   3.6209e-03   5.5665e-04            0            0   6.0838e-02   8.0001e-03            0            0   1.0000e+00
Constructor: Overlap matrix size: 10 x 10
Constructor: Diagonal energies size: 10
Hamiltonian Matrix:
  -1.3600e+01  -1.8632e+00   1.7500e-01            0            0  -1.1089e-01   1.2177e-02            0            0  -1.7609e-01
  -1.8632e+00  -2.1400e+01            0            0            0  -7.3270e-04   6.4197e-04            0            0  -1.1089e-01
   1.7500e-01            0  -1.1400e+01            0            0  -6.4197e-04   4.8119e-04            0            0  -1.2177e-02
            0            0            0  -1.1400e+01            0            0            0  -2.7497e-05            0            0
            0            0            0            0  -1.1400e+01            0            0            0  -2.7497e-05            0
  -1.1089e-01  -7.3270e-04  -6.4197e-04            0            0  -2.1400e+01            0            0            0  -1.8632e+00
   1.2177e-02   6.4197e-04   4.8119e-04            0            0            0  -1.1400e+01            0            0  -1.7500e-01
            0            0            0  -2.7497e-05            0            0            0  -1.1400e+01            0            0
            0            0            0            0  -2.7497e-05            0            0            0  -1.1400e+01            0
  -1.7609e-01  -1.1089e-01  -1.2177e-02            0            0  -1.8632e+00  -1.7500e-01            0            0  -1.3600e+01
Hamiltonian matrix
  -1.3600e+01  -1.8632e+00   1.7500e-01            0            0  -1.1089e-01   1.2177e-02            0            0  -1.7609e-01
  -1.8632e+00  -2.1400e+01            0            0            0  -7.3270e-04   6.4197e-04            0            0  -1.1089e-01
   1.7500e-01            0  -1.1400e+01            0            0  -6.4197e-04   4.8119e-04            0            0  -1.2177e-02
            0            0            0  -1.1400e+01            0            0            0  -2.7497e-05            0            0
            0            0            0            0  -1.1400e+01            0            0            0  -2.7497e-05            0
  -1.1089e-01  -7.3270e-04  -6.4197e-04            0            0  -2.1400e+01            0            0            0  -1.8632e+00
   1.2177e-02   6.4197e-04   4.8119e-04            0            0            0  -1.1400e+01            0            0  -1.7500e-01
            0            0            0  -2.7497e-05            0            0            0  -1.1400e+01            0            0
            0            0            0            0  -2.7497e-05            0            0            0  -1.1400e+01            0
  -1.7609e-01  -1.1089e-01  -1.2177e-02            0            0  -1.8632e+00  -1.7500e-01            0            0  -1.3600e+01
X_mat (S^(-1/2))
   1.0017e+00  -3.0498e-02   3.8781e-02  -1.7512e-16   2.2736e-16  -1.6523e-03   2.9661e-03   5.8137e-16  -6.3124e-16  -3.5945e-03
  -3.0498e-02   1.0014e+00  -2.1730e-03  -2.9159e-16   3.7028e-16   1.4772e-04   7.0567e-05   4.3455e-16   1.0713e-16  -1.6523e-03
   3.8781e-02  -2.1730e-03   5.6794e+00  -1.6002e-16  -1.2375e-15  -7.0567e-05   3.0476e-03  -1.0363e-15   1.6372e-15  -2.9661e-03
  -1.7512e-16  -2.9159e-16  -1.6002e-16   5.6737e+00  -1.3917e-17   3.1015e-16  -1.2325e-16  -1.2587e-04  -5.6367e-16  -1.0300e-19
   2.2736e-16   3.7028e-16  -1.2375e-15   1.5995e-16   5.6737e+00  -2.1347e-16   4.5547e-16  -4.2315e-16  -1.2587e-04  -3.1863e-18
  -1.6523e-03   1.4772e-04  -7.0567e-05   3.1015e-16  -2.1347e-16   1.0014e+00   2.1730e-03  -3.2232e-16  -3.2232e-16  -3.0498e-02
   2.9661e-03   7.0567e-05   3.0476e-03  -1.2325e-16   4.5547e-16   2.1730e-03   5.6794e+00  -2.2664e-15  -6.4771e-16  -3.8781e-02
   5.8137e-16   4.3455e-16  -1.0363e-15  -1.2587e-04  -5.4386e-16  -3.2232e-16  -2.2664e-15   5.6737e+00   6.6779e-15   4.0739e-17
  -6.3124e-16   1.0713e-16   1.6372e-15  -3.1923e-16  -1.2587e-04  -3.2232e-16  -6.4771e-16   6.4251e-15   5.6737e+00   5.0495e-17
  -3.5945e-03  -1.6523e-03  -2.9661e-03  -1.0300e-19  -3.1863e-18  -3.0498e-02  -3.8781e-02   4.0739e-17   5.0495e-17   1.0017e+00
MO coefficients (C Matrix): 
   3.3922e-02   2.9086e-02   1.9595e-14  -1.2625e-14  -1.1125e-15   6.3943e-16  -5.3044e-02   4.7067e-02   7.0400e-01   7.0939e-01
  -1.8013e-03  -1.9127e-03  -1.4234e-15  -2.4549e-18  -3.2579e-16  -9.4976e-17  -7.0168e-01   7.0287e-01  -9.8508e-02  -8.7406e-02
   4.0182e+00   4.0139e+00   2.6581e-12  -1.4445e-12  -7.7489e-14  -1.1631e-13  -5.2068e-06   2.7153e-05   3.9897e-03   4.6803e-03
  -1.1475e-13  -1.4580e-13   2.2517e+00   3.3205e+00  -2.6405e+00   3.0203e+00  -1.4875e-18   1.8174e-16   3.1670e-17   2.2983e-17
  -3.9055e-13  -2.7572e-12   3.3205e+00  -2.2517e+00  -3.0203e+00  -2.6405e+00  -6.7579e-17  -9.5390e-17  -4.1032e-17  -3.8410e-17
   1.8013e-03  -1.9127e-03  -6.8286e-16   7.1002e-17   9.2682e-17   1.0136e-15  -7.0168e-01  -7.0287e-01  -9.8508e-02   8.7406e-02
   4.0182e+00  -4.0139e+00  -2.4378e-12  -4.4398e-13  -6.7141e-13   1.6758e-12   5.2068e-06   2.7153e-05  -3.9897e-03   4.6803e-03
  -1.5555e-12   1.8868e-12  -2.2517e+00  -3.3205e+00  -2.6405e+00   3.0203e+00  -8.4205e-17  -3.5891e-16  -1.7186e-17   4.7713e-16
   8.5359e-13   2.0243e-12  -3.3205e+00   2.2517e+00  -3.0203e+00  -2.6405e+00  -1.1919e-16  -2.1604e-16  -2.6276e-16  -1.1929e-16
  -3.3922e-02   2.9086e-02   1.7482e-14   4.3562e-15   5.2673e-15  -1.3088e-14  -5.3044e-02  -4.7067e-02   7.0400e-01  -7.0939e-01
MO overlap matrix:
   1.0000e+00   1.1089e-15  -1.3845e-16   6.4673e-16   3.7855e-16  -6.4964e-16   2.3807e-16  -2.0995e-16   5.3120e-16   4.8413e-16
   1.1094e-15   1.0000e+00  -5.9606e-16   1.5613e-16  -6.6583e-17   2.4022e-16  -2.6069e-16  -1.4610e-16  -3.2101e-17  -1.7784e-17
  -1.3845e-16  -5.9606e-16   1.0000e+00  -1.5551e-16  -2.3396e-16  -6.0475e-16  -2.3088e-16  -3.8052e-16   1.1502e-16   1.8330e-16
   6.4673e-16   1.5613e-16  -9.1999e-17   1.0000e+00  -6.8108e-16   2.7444e-15   3.9327e-16  -6.9209e-16  -7.0470e-16  -7.3556e-16
   3.7855e-16  -6.6583e-17  -2.3975e-16  -6.3303e-16   1.0000e+00   4.9054e-16   4.0528e-18  -4.9337e-16  -7.9972e-17  -3.1199e-17
  -6.4964e-16   2.4022e-16  -5.3296e-16   2.7691e-15   4.6572e-16   1.0000e+00  -9.1321e-17  -2.3107e-16   4.0065e-16   4.7230e-16
   2.3760e-16  -2.6032e-16  -2.3088e-16   3.9327e-16   4.0528e-18  -9.1321e-17   1.0000e+00   9.2509e-17   2.8848e-16   1.7294e-16
  -2.0955e-16  -1.4611e-16  -3.8052e-16  -6.9209e-16  -4.9337e-16  -2.3107e-16   1.2092e-16   1.0000e+00  -1.5724e-16  -3.2646e-16
   5.2802e-16  -3.6346e-17   1.1502e-16  -7.0470e-16  -7.9972e-17   4.0065e-16   2.9998e-16  -1.7316e-16   1.0000e+00  -6.9903e-16
   4.9038e-16  -1.6441e-17   1.8330e-16  -7.3556e-16  -3.1199e-17   4.7230e-16   1.6827e-16  -3.1965e-16  -7.1324e-16   1.0000e+00
The molecule in file /Users/nematsfolder/chem279/homework3/sample_input/C2H2.txt has energy -2273.036379
