Number of atoms: 6, Charge: 0
Atomic Number: 6, X: 1.266, Y: 0, Z: 0
Atomic Number: 6, X: -1.266, Y: -0, Z: 0
Atomic Number: 1, X: 2.305, Y: 1.8, Z: 0
Atomic Number: 1, X: 2.305, Y: -1.8, Z: 0
Atomic Number: 1, X: -2.305, Y: 1.8, Z: 0
Atomic Number: 1, X: -2.305, Y: -1.8, Z: 0
Number of basis functions: 12
Number of electrons: 12
Number of basis functions: 12
Number of electrons: 12
Overlap matrix size: 12 x 12
Overlap matrix:
   1.0000e+00            0            0            0   2.4111e-06   3.0525e-06            0            0   6.0865e-02   6.0865e-02   5.9900e-03   5.9900e-03
            0   3.1065e-02            0            0  -3.0525e-06  -3.6906e-06            0            0   4.0011e-03   4.0011e-03  -7.5899e-04  -7.5899e-04
            0            0   3.1065e-02            0            0            0            0            0   6.9316e-03  -6.9316e-03   3.8258e-04  -3.8258e-04
            0            0            0   3.1065e-02            0            0            0            0            0            0            0            0
   2.4111e-06  -3.0525e-06            0            0   1.0000e+00            0            0            0   5.9900e-03   5.9900e-03   6.0865e-02   6.0865e-02
   3.0525e-06  -3.6906e-06            0            0            0   3.1065e-02            0            0   7.5899e-04   7.5899e-04  -4.0011e-03  -4.0011e-03
            0            0            0            0            0            0   3.1065e-02            0   3.8258e-04  -3.8258e-04   6.9316e-03  -6.9316e-03
            0            0            0            0            0            0            0   3.1065e-02            0            0            0            0
   6.0865e-02   4.0011e-03   6.9316e-03            0   5.9900e-03   7.5899e-04   3.8258e-04            0   1.0000e+00   1.3905e-01   5.5421e-02   1.4905e-02
   6.0865e-02   4.0011e-03  -6.9316e-03            0   5.9900e-03   7.5899e-04  -3.8258e-04            0   1.3905e-01   1.0000e+00   1.4905e-02   5.5421e-02
   5.9900e-03  -7.5899e-04   3.8258e-04            0   6.0865e-02  -4.0011e-03   6.9316e-03            0   5.5421e-02   1.4905e-02   1.0000e+00   1.3905e-01
   5.9900e-03  -7.5899e-04  -3.8258e-04            0   6.0865e-02  -4.0011e-03  -6.9316e-03            0   1.4905e-02   5.5421e-02   1.3905e-01   1.0000e+00
Constructor: Overlap matrix size: 12 x 12
Constructor: Diagonal energies size: 12
Hamiltonian Matrix:
  -2.1400e+01            0            0            0  -9.0297e-05  -8.7607e-05            0            0  -1.8640e+00  -1.8640e+00  -1.8344e-01  -1.8344e-01
            0  -1.1400e+01            0            0   8.7607e-05   7.3627e-05            0            0  -8.7524e-02  -8.7524e-02   1.6603e-02   1.6603e-02
            0            0  -1.1400e+01            0            0            0            0            0  -1.5163e-01   1.5163e-01  -8.3688e-03   8.3688e-03
            0            0            0  -1.1400e+01            0            0            0            0            0            0            0            0
  -9.0297e-05   8.7607e-05            0            0  -2.1400e+01            0            0            0  -1.8344e-01  -1.8344e-01  -1.8640e+00  -1.8640e+00
  -8.7607e-05   7.3627e-05            0            0            0  -1.1400e+01            0            0  -1.6603e-02  -1.6603e-02   8.7524e-02   8.7524e-02
            0            0            0            0            0            0  -1.1400e+01            0  -8.3688e-03   8.3688e-03  -1.5163e-01   1.5163e-01
            0            0            0            0            0            0            0  -1.1400e+01            0            0            0            0
  -1.8640e+00  -8.7524e-02  -1.5163e-01            0  -1.8344e-01  -1.6603e-02  -8.3688e-03            0  -1.3600e+01  -3.3093e+00  -1.3190e+00  -3.5475e-01
  -1.8640e+00  -8.7524e-02   1.5163e-01            0  -1.8344e-01  -1.6603e-02   8.3688e-03            0  -3.3093e+00  -1.3600e+01  -3.5475e-01  -1.3190e+00
  -1.8344e-01   1.6603e-02  -8.3688e-03            0  -1.8640e+00   8.7524e-02  -1.5163e-01            0  -1.3190e+00  -3.5475e-01  -1.3600e+01  -3.3093e+00
  -1.8344e-01   1.6603e-02   8.3688e-03            0  -1.8640e+00   8.7524e-02   1.5163e-01            0  -3.5475e-01  -1.3190e+00  -3.3093e+00  -1.3600e+01
Hamiltonian matrix
  -2.1400e+01            0            0            0  -9.0297e-05  -8.7607e-05            0            0  -1.8640e+00  -1.8640e+00  -1.8344e-01  -1.8344e-01
            0  -1.1400e+01            0            0   8.7607e-05   7.3627e-05            0            0  -8.7524e-02  -8.7524e-02   1.6603e-02   1.6603e-02
            0            0  -1.1400e+01            0            0            0            0            0  -1.5163e-01   1.5163e-01  -8.3688e-03   8.3688e-03
            0            0            0  -1.1400e+01            0            0            0            0            0            0            0            0
  -9.0297e-05   8.7607e-05            0            0  -2.1400e+01            0            0            0  -1.8344e-01  -1.8344e-01  -1.8640e+00  -1.8640e+00
  -8.7607e-05   7.3627e-05            0            0            0  -1.1400e+01            0            0  -1.6603e-02  -1.6603e-02   8.7524e-02   8.7524e-02
            0            0            0            0            0            0  -1.1400e+01            0  -8.3688e-03   8.3688e-03  -1.5163e-01   1.5163e-01
            0            0            0            0            0            0            0  -1.1400e+01            0            0            0            0
  -1.8640e+00  -8.7524e-02  -1.5163e-01            0  -1.8344e-01  -1.6603e-02  -8.3688e-03            0  -1.3600e+01  -3.3093e+00  -1.3190e+00  -3.5475e-01
  -1.8640e+00  -8.7524e-02   1.5163e-01            0  -1.8344e-01  -1.6603e-02   8.3688e-03            0  -3.3093e+00  -1.3600e+01  -3.5475e-01  -1.3190e+00
  -1.8344e-01   1.6603e-02  -8.3688e-03            0  -1.8640e+00   8.7524e-02  -1.5163e-01            0  -1.3190e+00  -3.5475e-01  -1.3600e+01  -3.3093e+00
  -1.8344e-01   1.6603e-02   8.3688e-03            0  -1.8640e+00   8.7524e-02   1.5163e-01            0  -3.5475e-01  -1.3190e+00  -3.3093e+00  -1.3600e+01
X_mat (S^(-1/2))
   1.0025e+00   1.9144e-03   2.9821e-16   7.7484e-17   3.6248e-04   2.7298e-04   6.0927e-16   3.0277e-17  -2.7647e-02  -2.7647e-02  -1.4451e-03  -1.4451e-03
   1.9144e-03   5.6764e+00   1.0524e-16  -7.9656e-16  -2.7298e-04   1.4601e-03   2.0229e-16  -5.0505e-16  -1.7456e-02  -1.7456e-02   4.2578e-03   4.2578e-03
   2.9821e-16   1.0524e-16   5.6836e+00   6.0768e-16  -1.5468e-16  -2.1795e-16   6.4269e-04  -4.6977e-16  -3.8448e-02   3.8448e-02  -4.6296e-04   4.6296e-04
   7.7484e-17  -7.9656e-16   6.0768e-16   5.6737e+00  -7.3905e-17   2.2217e-16   1.3569e-16  -1.3199e-15   2.0560e-18  -1.1339e-17   3.5701e-17   1.1611e-18
   3.6248e-04  -2.7298e-04  -1.5468e-16  -7.3905e-17   1.0025e+00  -1.9144e-03   6.3394e-16  -5.3155e-16  -1.4451e-03  -1.4451e-03  -2.7647e-02  -2.7647e-02
   2.7298e-04   1.4601e-03  -2.1795e-16   2.2217e-16  -1.9144e-03   5.6764e+00   3.4678e-15   1.6838e-15  -4.2578e-03  -4.2578e-03   1.7456e-02   1.7456e-02
   6.0927e-16   2.0229e-16   6.4269e-04   1.3569e-16   6.3394e-16   3.4678e-15   5.6836e+00  -4.7263e-15  -4.6296e-04   4.6296e-04  -3.8448e-02   3.8448e-02
   3.0277e-17  -5.0505e-16  -4.6977e-16  -1.4029e-15  -5.3155e-16   1.6838e-15  -4.7263e-15   5.6737e+00   1.6448e-17   7.5280e-16   3.5303e-17  -2.6629e-17
  -2.7647e-02  -1.7456e-02  -3.8448e-02   2.0560e-18  -1.4451e-03  -4.2578e-03  -4.6296e-04   1.6448e-17   1.0099e+00  -6.9255e-02  -2.7111e-02  -1.7296e-03
  -2.7647e-02  -1.7456e-02   3.8448e-02  -1.1339e-17  -1.4451e-03  -4.2578e-03   4.6296e-04   7.5280e-16  -6.9255e-02   1.0099e+00  -1.7296e-03  -2.7111e-02
  -1.4451e-03   4.2578e-03  -4.6296e-04   3.5701e-17  -2.7647e-02   1.7456e-02  -3.8448e-02   3.5303e-17  -2.7111e-02  -1.7296e-03   1.0099e+00  -6.9255e-02
  -1.4451e-03   4.2578e-03   4.6296e-04   1.1611e-18  -2.7647e-02   1.7456e-02   3.8448e-02  -2.6629e-17  -1.7296e-03  -2.7111e-02  -6.9255e-02   1.0099e+00
MO coefficients (C Matrix): 
  -1.1640e-15  -8.2784e-16  -1.8668e-03  -1.3957e-03   9.9257e-16   1.9980e-15   6.9393e-01  -6.9897e-01  -1.4895e-01   1.1947e-01  -1.0202e-14   1.6895e-15
  -1.8882e-13  -9.9739e-13  -4.0149e+00  -4.0128e+00   2.4030e-12   5.2869e-12  -1.1495e-05   1.7998e-05  -1.8247e-03   3.2827e-03  -1.6138e-16  -1.7772e-16
  -4.0196e+00   4.0186e+00  -8.0275e-13  -6.2888e-15  -3.0583e-13   5.7479e-13  -1.7907e-16   5.7464e-16   6.8670e-17  -3.9889e-16  -6.5700e-03   6.8785e-03
  -1.4850e-14  -2.7439e-13   1.6284e-12   6.0327e-12   4.0523e+00   3.9710e+00  -7.1574e-17   4.0531e-16  -1.6044e-17   6.2714e-17   1.8724e-17  -1.3909e-17
   2.9191e-16   2.7745e-16   1.8668e-03  -1.3957e-03  -5.5108e-17   1.2681e-15   6.9393e-01   6.9897e-01  -1.4895e-01  -1.1947e-01   3.6660e-15   1.1346e-15
  -1.6317e-12  -2.4279e-12  -4.0149e+00   4.0128e+00   6.9441e-13  -5.1581e-12   1.1495e-05   1.7998e-05   1.8247e-03   3.2827e-03   5.8431e-16  -2.5136e-16
  -4.0196e+00  -4.0186e+00   2.6228e-12  -1.4354e-12  -2.0810e-12   1.8313e-12  -1.6909e-15   1.1121e-15   7.8071e-16  -1.2910e-16  -6.5700e-03  -6.8785e-03
   2.3992e-12   1.5162e-12  -1.4692e-12   4.4301e-12  -3.9710e+00   4.0523e+00   2.8467e-16  -3.9645e-16  -1.3231e-16  -2.8205e-17   4.3610e-16  -2.3140e-16
   3.1753e-02  -3.1134e-02   1.7588e-02   1.0632e-02  -6.3920e-15  -1.8778e-14   5.7059e-02  -4.5596e-02   4.5278e-01  -4.8289e-01   5.2667e-01  -5.5206e-01
  -3.1753e-02   3.1134e-02   1.7588e-02   1.0632e-02  -1.2361e-14  -8.8219e-15   5.7059e-02  -4.5596e-02   4.5278e-01  -4.8289e-01  -5.2667e-01   5.5206e-01
   3.1753e-02   3.1134e-02  -1.7588e-02   1.0632e-02   2.0912e-14  -2.7916e-14   5.7059e-02   4.5596e-02   4.5278e-01   4.8289e-01   5.2667e-01   5.5206e-01
  -3.1753e-02  -3.1134e-02  -1.7588e-02   1.0632e-02  -1.1786e-14   8.1837e-16   5.7059e-02   4.5596e-02   4.5278e-01   4.8289e-01  -5.2667e-01  -5.5206e-01
MO overlap matrix:
   1.0000e+00  -2.1415e-15   3.2323e-16  -4.5512e-16  -9.3713e-16   8.8866e-16  -8.6880e-16   4.4767e-16  -5.8554e-16   1.2663e-15  -1.3503e-16   7.3609e-16
  -2.1143e-15   1.0000e+00   3.6994e-16  -4.4157e-16  -7.1558e-16   6.7570e-16  -5.8906e-16  -2.7187e-16  -2.0574e-16   8.1584e-16   6.3219e-17   4.1041e-16
   3.2320e-16   3.7008e-16   1.0000e+00   8.3660e-16   4.8873e-16  -1.0279e-16  -3.1177e-16   9.8799e-16  -2.4226e-17  -3.6189e-16  -3.6281e-16   6.2497e-17
  -4.5537e-16  -4.4155e-16   7.8471e-16   1.0000e+00   3.9031e-17   4.1770e-16   2.5758e-17  -5.0965e-16   1.1569e-16   2.2711e-17   7.7723e-17   9.5228e-17
  -9.3713e-16  -7.1558e-16   4.8873e-16   3.9031e-17   1.0000e+00  -7.9950e-17   1.3066e-16   4.4086e-16  -3.2342e-16   3.6312e-16   4.0315e-16  -3.2450e-16
   8.8866e-16   6.7570e-16  -1.0279e-16   4.1770e-16  -5.1031e-17   1.0000e+00  -1.5500e-16  -5.2619e-16   3.6467e-16  -2.7057e-16  -2.6380e-16   2.8206e-16
  -8.6831e-16  -5.8848e-16  -3.1119e-16   2.6437e-17   1.3066e-16  -1.5500e-16   1.0000e+00  -2.2583e-15   9.4775e-16   6.0059e-16   2.6900e-16   1.3509e-16
   4.4707e-16  -2.7219e-16   9.8767e-16  -5.0933e-16   4.4086e-16  -5.2619e-16  -2.3944e-15   1.0000e+00   1.1577e-15   4.5502e-16  -1.9742e-16   2.0152e-16
  -5.8555e-16  -2.0226e-16  -1.5497e-17   1.1696e-16  -3.2342e-16   3.6467e-16   9.3123e-16   1.1437e-15   1.0000e+00  -4.6649e-16  -2.7436e-16  -9.4896e-16
   1.2661e-15   8.1531e-16  -3.6631e-16   1.9850e-17   3.6312e-16  -2.7057e-16   6.0630e-16   4.2342e-16  -3.4885e-16   1.0000e+00  -9.4855e-16  -4.9478e-16
  -1.4489e-16   7.0274e-17  -3.6453e-16   8.1631e-17   4.0315e-16  -2.6380e-16   2.6942e-16  -1.9117e-16  -2.7939e-16  -9.4274e-16   1.0000e+00   4.5236e-16
   7.4642e-16   4.0562e-16   6.1205e-17   9.5680e-17  -3.2450e-16   2.8206e-16   1.3635e-16   2.0622e-16  -8.6716e-16  -5.4848e-16   4.0621e-16   1.0000e+00
The molecule in file /Users/nematsfolder/chem279/homework3/sample_input/C2H4.txt has energy -2300.847786
